0.18712515977515043, 0.44779996645758935
0.2904843779290234, 0.5881366243430368
0.3821827162834017, 0.6323680863149774
0.45002377817085026, 0.5698040968970668
0.6025255942397729, 0.6959584830631149
0.7434245448365608, 0.7167543881016303
0.7737972765301526, 0.762342492805697
0.8099446651164124, 0.8648805850953885
0.8461456053894674, 0.9588771833413632
0.8884782138004876, 1.0528804755481875
0.9488416751552027, 1.2049860091348308
1.003293030287809, 1.3220647231813878
1.0453578802648567, 1.4587754856067936
1.0874361181636027, 1.5933508745212703
1.123114929490412, 1.7706270396934791
1.2574828056185599, 1.8551215605138625
1.2086235853794651, 1.8241050929185962
1.2086369733011635, 1.8219697194076672
1.4152233154481495, 1.928110501426456
1.404435328143407, 1.8883805049936462
1.484103025051379, 1.895483753734883
1.5273966949843345, 1.8361977331928703
1.6072757297991203, 1.8095925857972979
1.6517771815253166, 1.5576653692336124
1.6827568323359108, 1.506449874775561
1.7476480888090977, 1.425375967949174
1.76908215144858, 1.4296701438340047
1.8162790380767637, 1.7258288223696305
1.8470266315779158, 1.7116264687676834
1.8662516871371269, 1.579253392972629
1.9093161686010038, 1.5565229332486639
1.9647153885898732, 1.5224172027214424
2.020239562514595, 1.4683813194255497
2.063750308035093, 1.3744717426706157
2.088276980586956, 1.3744985185140128
2.125575730439297, 1.293394488863804
2.1682631187753305, 1.3308103830310078
2.2286091758318376, 1.4856919021818589
2.272173473039129, 1.3832408313832085
2.398509552428231, 1.3516529864154476
2.352407287778929, 1.3000482859480156
2.352416213060061, 1.2986247036073961
2.4646293100972843, 1.3307780288869029
2.5301988879365345, 1.3045131578345037
2.530212275858232, 1.3023777843235746
2.566573871191671, 1.3707499004384007
2.578837207467603, 1.3707632883600993
2.591073767900135, 1.375047423303656
2.602748035621329, 1.469017245706234
2.6150113718972596, 1.4690306336279326
2.7703782032096838, 1.4642176757772805
2.6898804551563993, 1.542935786524772
2.6636095276632306, 1.5416868846863154
2.7004263123344225, 1.5374563014295533
2.811251528155556, 1.4649740933532522
2.810876666347995, 1.5247645516592663
2.873237605620143, 1.3582723574152917
2.8916326100340397, 1.3582924392978397
2.9291321787118614, 1.2451578069836946
2.929145566633559, 1.2430224334727655
2.9715674278559048, 1.322789902273396
3.0127665255631078, 1.597588151738882
3.031134754133608, 1.601878980643288
3.0492352242701353, 1.6488772797662754
3.094486399611452, 1.2773691465905619
3.119495037344465, 1.2005224760405124
3.1562850461722585, 1.2005626398056082
3.212541093149839, 1.029793004578926
3.274540558536123, 0.9209558951300365
3.3337017845223036, 1.2648179699981106
3.3904576472432977, 1.9923354856631077
-3.736338531847522, 0.09583589684699856
-3.6947751767884363, 0.21802397479944569
-3.6535947115948897, 0.40128298630519676
-3.608717378734079, 0.959397777722008
-3.5812417301070285, 1.3995626859049126
-3.535017681167429, 1.7428762627549328
-3.4936655756893304, 1.8987586488747201
-3.4518909710492585, 1.9872524186598277
-3.397401782253565, 1.9767823613021864
-3.362572007588423, 1.243964166409576
-3.3124134352029513, 0.9597212536428934
-3.2818482614539732, 0.9071069048784541
-3.2407074055568605, 1.096683599165581
-3.205059038765396, 1.1978061329640353
-3.1690145790095823, 1.2357518389487274
-3.1333662122181174, 1.3368743727471817
-3.092885511261588, 1.6317457800572452
-3.0441396704489634, 1.5728335531596473
-3.000411007184767, 1.3496549723968623
-2.9633367057216438, 1.2233409260657733
-2.921852569255429, 1.3581643695809729
-2.886283421056834, 1.4719222689421796
-2.844323973033399, 1.5309335190808648
-2.8015327297848303, 1.45727343081065
-2.7656335041159443, 1.5183839736603884
-2.7234364003139, 1.5394891271108164
-2.69325411643046, 1.5479457118996807
-2.6321501751301275, 1.4469288028917195
-2.6016642199740194, 1.4069498196900327
-2.564774761894259, 1.3101182930053659
-2.498389581069266, 1.3312498526534173
-2.4256405066170554, 1.3018465515998647
-2.3832453563328357, 1.291363291143412
-2.3648930489846376, 1.2576887876242897
-2.329429525576536, 1.3882938410691665
-2.293635924698143, 1.4662515380025745
-2.239410797878682, 1.4978993658541078
-2.208185469189121, 1.339990304066732
-2.153643467998181, 1.3210966696672557
-2.1236724336957273, 1.3632475626234597
-2.0939258520730726, 1.4411986580074618
-2.0458665723986535, 1.4917929326537183
-2.0036034531025506, 1.5023686148018527
-1.9675589933467368, 1.5403143207865448
-1.925731576311418, 1.6203845135298176
-1.8900700064211415, 1.719401153067813
-1.8419843205490998, 1.7657836391931518
-1.7917333264719462, 1.466799466603258
-1.761154949624157, 1.4120792235783601
-1.7192087046995335, 1.4731963679775042
-1.6772756628737224, 1.536419406637107
-1.6484004857726364, 1.7533595232113859
-1.618772732039286, 1.8502636669395167
-1.5644023711328963, 1.8587466579260041
-1.5226145633940131, 1.945134533450653
-1.4862268230690967, 1.9283269886634182
-1.444056125464674, 1.9536439306347637
-1.3897913893487788, 1.978974075704921
-1.3648111263971305, 1.8526468262750204
-1.3103483437990606, 1.8463885574382963
-1.2739606034741424, 1.8295810126510614
-1.219418602283202, 1.8106873782515853
-1.1647841794005798, 1.7770524840288981
-1.1216628586817192, 1.6507450392472147
-1.0719267854582206, 1.4338907428152117
-1.0350637335760844, 1.3412710046514624
-0.9925497554025604, 1.3118346958508809
-0.9494416377825106, 1.1876331453296565
-0.9182427152905737, 1.033935872063198
-0.8631857932459788, 0.932912361505831
-0.8262567258697846, 0.8297631520397881
-0.7954803025398203, 0.7434544951080091
-0.7592642024994536, 0.754023575706738
-0.7168690522152348, 0.7435403152502849
-0.668176023797856, 0.6930516653945218
-0.6378088965310535, 0.6720257305369635
-0.6014343593049478, 0.6573240800101874
-0.5530978145554846, 0.6636945751868102
-0.5170797609972935, 0.70585206969242
-0.4683603263822915, 0.6511516313157393
-0.43799319911548906, 0.6301256964581814
-0.3953735961514724, 0.5838422335739293
-0.35321610164586215, 0.611265069805734
-0.3110454040414412, 0.6365820117770795
-0.26841259797861117, 0.5881926546323699
-0.23115345313212465, 0.4323960886548579
-0.19475250970839664, 0.41348264960716463
-0.1523045470289306, 0.3945758121088767
-0.09182115137274582, 0.3925359333424763
-0.06746143406524485, 0.3651857141541357
-0.03135095881537264, 0.39260194883653465
0.053373326259007925, 0.3821648992259221
0.10155143382273124, 0.41380612552804985
0.21610151911263653, 0.46868480573868787
0.2578233113574626, 0.5656021525656301
0.3422175189615517, 0.6078124594664867
0.4988590832630093, 0.7006434472112222
0.5293318353203054, 0.6627703582699946
0.6560155684181206, 0.7113445587980674
0.6921656529644276, 0.7324431106990898
0.9671994043099819, 1.231843721700478
1.156584653664341, 1.8890939805445897
1.3739208632029687, 1.9461907813555852
1.488972666247717, 1.9210454796687912
1.5678611816473467, 1.8769075203414336
2.7430293975761897, 1.55177461055506
3.297150251602477, 0.9395601217574987